0.0563508
0.072938
0.0874022
0.0985707
0.105388
0.107
0.102829
0.0926396
0.0765889
0.0552466
0.0295903
0.000966015
-0.0289841
-0.0584248
-0.0854556
-0.108255
-0.125226
-0.135138
-0.13724
-0.131344
-0.117858
-0.0977743
-0.0726047
-0.0442634
-0.0149152
0.0132046
0.0379808
0.0576017
0.0707183
0.0765646
0.0750265
0.066653
0.0526083
0.0345683
0.0145724
-0.00515809
-0.0224168
-0.0352073
-0.041919
-0.0414689
-0.0333974
-0.0179096
0.00413911
0.0313125
0.0617107
0.093124
0.123212
0.149692
0.170519
0.184052
0.189181
0.185413
0.172919
0.152512
0.125595
0.0940457
0.0600786
0.0260704
-0.00562345
-0.0328536
-0.0538476
-0.0673527
-0.0727406
-0.0700634
-0.0600568
-0.0440883
-0.0240538
-0.00222805
0.0189171
0.036916
0.0495154
0.0548679
0.0516952
0.0394074
0.0181681
-0.0111038
-0.0467938
-0.0867114
-0.128259
-0.168639
-0.205074
-0.235037
-0.256453
-0.267871
-0.268581
-0.258672
-0.239027
-0.211247
-0.177523
-0.140455
-0.102846
-0.0674791
-0.0368934
-0.0131927
0.00211525
0.00822681
0.0050925
-0.00659383
-0.0254646
-0.0496
-0.0785467
-0.107807
-0.134748
-0.156948
-0.172384
-0.179592
-0.177766
-0.166821
-0.147376
-0.120698
-0.0885842
-0.053208
-0.0169356
0.0178676
0.0490263
0.0747248
0.0936423
0.105043
0.108816
0.105461
0.096023
0.081984
0.0651177
0.0473257
0.0304664
0.0161921
0.00580885
0.000170766
-0.000383349
0.00395454
0.0124943
0.0241243
0.0374259
0.0508125
0.0626835
0.0715769
0.0763077
0.0760798
0.0705621
0.0599215
0.0448101
0.0263096
0.0058356
-0.0149869
-0.0344676
-0.0510004
-0.0632058
-0.0700539
-0.0709557
-0.0658177
-0.0550515
-0.0395417
-0.0205713
0.000285806
0.0212975
0.0407195
0.0569412
0.0686213
0.0747986
0.0749714
0.0691382
0.0577958
0.0418968
0.022769
0.00200551
-0.0186673
-0.0375304
-0.0530119
-0.0638124
-0.069008
-0.0681213
-0.0611558
-0.0485921
-0.0313456
-0.0106911
0.0118395
0.0345782
0.0558494
0.0740967
0.0879973
0.0965563
0.0991723
0.0956729
0.0863157
0.0717574
0.0529945
0.0312811
0.00803097
-0.0152874
-0.0372551
-0.0565978
-0.0722654
-0.0834909
-0.0898251
-0.0911474
-0.087651
-0.079809
-0.0683219
-0.0540546
-0.0379673
-0.021046
-0.00423813
0.0116027
0.0257601
0.037684
0.0470059
0.0535407
0.0572774
0.0583598
0.0570621
0.0537599
0.0489014
0.042979
0.0365032
0.0299806
0.0238945
0.0186887
0.014754
0.0124157
0.0119227
0.0134368
0.0170232
0.0226419
0.0301419
0.0392579
0.049613
0.0607272
0.0720331
0.0828997
0.0926632
0.100666
0.106297
0.10904
0.108513
0.104512
0.0970372
0.086313
0.072793
0.0571464
0.0402284
0.0230345
0.00664006
-0.00787028
-0.0194789
-0.0273117
-0.0307094
-0.0292863
-0.0229725
-0.0120353
0.00292431
0.020999
0.0410273
0.0616657
0.0814781
0.0990344
0.113012
0.122291
0.126041
0.123783
0.115431
0.101306
0.0821144
0.0589073
0.033007
0.00591787
-0.0207786
-0.0455326
-0.0669325
-0.0838008
-0.0952716
-0.100845
-0.100415
-0.0942666
-0.0830451
-0.0677037
-0.0494258
-0.0295364
-0.00940496
0.00965052
0.0264518
0.0400345
0.0497039
0.0550668
0.0560414
0.0528424
0.0459467
0.0360407
0.0239575
0.0106062
-0.00309738
-0.0162961
-0.0282456
-0.0383561
-0.046217
-0.0516066
-0.0544853
-0.0549759
-0.0533331
-0.0499073
-0.0451054
-0.0393536
-0.0330645
-0.0266121
-0.0203154
-0.0144309
-0.00915473
-0.00462985
-0.000959093
0.00178086
0.0035264
0.00421755
0.00379396
0.00219725
-0.000620097
-0.00468047
-0.00996314
-0.0163853
-0.0237849
-0.0319082
-0.0404049
-0.0488329
-0.0566734
-0.0633566
-0.0682966
-0.0709339
-0.0707808
-0.0674671
-0.0607811
-0.050702
-0.0374196
-0.0213391
-0.00306939
0.0166061
0.0367734
0.0564459
0.0746294
0.0903925
0.102935
0.111647
0.116162
0.116384
0.112501
0.104982
0.0945383
0.0820813
0.0686557
0.0553646
0.0432886
0.0334062
0.0265216
0.0232044
0.024256
0.0291215
0.0374918
0.0487871
0.0621983
0.0767445
0.0913433
0.104887
0.116321
0.124719
0.129345
0.129706
0.125582
0.117043
0.104435
0.0883575
0.0696113
0.0491437
0.0279766
0.00713316
-0.0124335
-0.0299051
-0.0446506
-0.0562634
-0.0645798
-0.0696788
-0.0718638
-0.0716278
-0.0696067
-0.0665235
-0.0631296
-0.0601477
-0.0582199
-0.0578658
-0.059453
-0.06318
-0.0690741
-0.0770008
-0.086684
-0.0977345
-0.109683
-0.122015
-0.134202
-0.145738
-0.156158
-0.16506
-0.172119
-0.177093
-0.179824
-0.180238
-0.178334
-0.174182
-0.167912
-0.1597
-0.149765
-0.138354
-0.125736
-0.112191
-0.0979989
-0.0834366
-0.0687647
-0.0542228
-0.0400232
-0.026346
-0.0133365
-0.00110451
0.0102748
0.020758
0.0303283
0.0389906
0.0467649
0.0536799
0.059767
0.0650557
0.069569
0.0733212
0.0763161
0.0785464
0.0799941
0.0806312
0.0804205
0.0793171
0.0772696
0.0742215
0.0701135
0.0648861
0.0584834
0.0508586
0.04198
0.0318386
0.0204573
0.00789869
-0.00572594
-0.0202502
-0.0354482
-0.0510336
-0.066663
-0.0819436
-0.096446
